1.033386327503974522e-01
6.208425720620841526e-02
2.905660377358489921e-01
1.033386327503974522e-01
1.102449888641425513e-01
1.359159553512803431e-01
4.840240430243593350e-02
6.208425720620841526e-02
9.134847752537456067e-02
4.193360512521839001e-02
8.611111111111109662e-02
1.102449888641425513e-01
1.263940520446096283e-01
5.337361530715003383e-02
7.274969173859430205e-02
9.134847752537456067e-02
1.359159553512803431e-01
8.129720124389161473e-02
2.573363431151240444e-01
1.102449888641425513e-01
1.033386327503974522e-01
1.263940520446096283e-01
6.539196940726577090e-02
8.611111111111109662e-02
1.102449888641425513e-01
3.641758834637172371e-02
1.359159553512803431e-01
9.134847752537456067e-02
1.263940520446096283e-01
2.573363431151240444e-01
5.638051044083531860e-01
4.000000000000000777e-02
8.129720124389161473e-02
4.612546125461255281e-02
1.466480446927374282e-01
9.134847752537456067e-02
5.337361530715003383e-02
1.178885630498534148e-01
8.129720124389161473e-02
1.889559965487488113e-01
1.102449888641425513e-01
3.165829145728642907e-02
8.611111111111109662e-02
1.263940520446096283e-01
1.588366890380313035e-01
4.193360512521839001e-02
1.466480446927374282e-01
1.263940520446096283e-01
1.178885630498534148e-01
1.466480446927374282e-01
2.302968270214942881e-01
1.889559965487488113e-01
1.889559965487488113e-01
1.728000000000000091e-01
1.466480446927374282e-01
1.102449888641425513e-01
6.539196940726577090e-02
3.317048084340448039e-02
7.685738684884714511e-02
1.178885630498534148e-01
1.889559965487488113e-01
6.208425720620841526e-02
8.129720124389161473e-02
9.706774519716886152e-02
3.816371681415928890e-02
8.129720124389161473e-02
1.588366890380313035e-01
1.774447949526814297e-02
3.641758834637172371e-02
1.263940520446096283e-01
6.208425720620841526e-02
1.434878587196468207e-02
8.611111111111109662e-02
5.609418282548475632e-02
6.893819334389858500e-02
3.165829145728642907e-02
6.893819334389858500e-02
7.685738684884714511e-02
2.386212991604065234e-02
4.840240430243593350e-02
9.706774519716886152e-02
3.475513428120063225e-02
9.134847752537456067e-02
3.641758834637172371e-02
2.573363431151240444e-01
6.539196940726577090e-02
9.706774519716886152e-02
8.611111111111109662e-02
2.386212991604065234e-02
1.515434985968194467e-02
1.178885630498534148e-01
4.000000000000000777e-02
4.000000000000000777e-02
2.905660377358489921e-01
6.893819334389858500e-02
1.588366890380313035e-01
7.685738684884714511e-02
4.000000000000000777e-02
1.466480446927374282e-01
4.612546125461255281e-02
2.883229216722729346e-02
5.337361530715003383e-02
1.588366890380313035e-01
1.889559965487488113e-01
5.609418282548475632e-02
6.893819334389858500e-02
3.317048084340448039e-02
1.359159553512803431e-01
9.706774519716886152e-02
1.033386327503974522e-01
2.302968270214942881e-01
1.102449888641425513e-01
3.641758834637172371e-02
2.274204028589993723e-02
9.706774519716886152e-02
2.078651685393257120e-01
1.359159553512803431e-01
1.102449888641425513e-01
1.963190184049079870e-02
6.893819334389858500e-02
1.102449888641425513e-01
1.178885630498534148e-01
1.963190184049079870e-02
9.134847752537456067e-02
4.840240430243593350e-02
1.178885630498534148e-01
5.081433224755700639e-02
1.178885630498534148e-01
5.081433224755700639e-02
3.021370670596904701e-02
1.208617971623751966e-02
1.069427940926837538e-02
8.129720124389161473e-02
1.588366890380313035e-01
2.274204028589993723e-02
5.081433224755700639e-02
4.397247980855518296e-02
2.078651685393257120e-01
1.466480446927374282e-01
1.033386327503974522e-01
2.502818489289740378e-02
1.263940520446096283e-01
6.208425720620841526e-02
1.033386327503974522e-01
8.129720124389161473e-02
9.706774519716886152e-02
2.573363431151240444e-01
5.609418282548475632e-02
2.302968270214942881e-01
3.021370670596904701e-02
1.889559965487488113e-01
9.134847752537456067e-02
2.078651685393257120e-01
5.337361530715003383e-02
7.274969173859430205e-02
4.397247980855518296e-02
1.588366890380313035e-01
8.611111111111109662e-02
5.899177690382553796e-02
4.193360512521839001e-02
2.078651685393257120e-01
3.475513428120063225e-02
8.611111111111109662e-02
4.193360512521839001e-02
1.102449888641425513e-01
1.728000000000000091e-01
1.263940520446096283e-01
8.760545100584035683e-03
2.624309392265192914e-02
3.475513428120063225e-02
3.475513428120063225e-02
2.573363431151240444e-01
2.078651685393257120e-01
1.359159553512803431e-01
1.728000000000000091e-01
7.274969173859430205e-02
2.166525063721325139e-02
7.274969173859430205e-02
1.263940520446096283e-01
1.728000000000000091e-01
1.515434985968194467e-02
9.706774519716886152e-02
8.129720124389161473e-02
2.274204028589993723e-02
2.905660377358489921e-01
2.078651685393257120e-01
1.466480446927374282e-01
2.302968270214942881e-01
8.153477218225419626e-03
4.840240430243593350e-02
4.193360512521839001e-02
1.281594873620505240e-02
3.317048084340448039e-02
3.816371681415928890e-02
5.899177690382553796e-02
8.611111111111109662e-02
1.728000000000000091e-01
1.588366890380313035e-01
5.609418282548475632e-02
1.033386327503974522e-01
7.685738684884714511e-02
3.641758834637172371e-02
2.624309392265192914e-02
5.081433224755700639e-02
8.611111111111109662e-02
1.263940520446096283e-01
3.475513428120063225e-02
1.774447949526814297e-02
1.033386327503974522e-01
1.263940520446096283e-01
1.359159553512803431e-01
1.867094960851234733e-02
8.129720124389161473e-02
1.588366890380313035e-01
7.274969173859430205e-02
2.302968270214942881e-01
2.302968270214942881e-01
3.021370670596904701e-02
7.274969173859430205e-02
3.021370670596904701e-02
1.867094960851234733e-02
1.774447949526814297e-02
6.893819334389858500e-02
4.612546125461255281e-02
8.129720124389161473e-02
1.102449888641425513e-01
1.774447949526814297e-02
5.337361530715003383e-02
6.539196940726577090e-02
3.641758834637172371e-02
1.102449888641425513e-01
5.337361530715003383e-02
1.515434985968194467e-02
8.611111111111109662e-02
1.588366890380313035e-01
9.706774519716886152e-02
8.611111111111109662e-02
1.137931034482758674e-02
1.102449888641425513e-01
2.062929777036882906e-02
1.102449888641425513e-01
2.166525063721325139e-02
4.193360512521839001e-02
5.609418282548475632e-02
1.867094960851234733e-02
9.134847752537456067e-02
6.893819334389858500e-02
6.208425720620841526e-02
1.359159553512803431e-01
5.899177690382553796e-02
1.102449888641425513e-01
7.274969173859430205e-02
9.706774519716886152e-02
1.963190184049079870e-02
5.899177690382553796e-02
5.609418282548475632e-02
4.840240430243593350e-02
3.021370670596904701e-02
4.193360512521839001e-02
4.193360512521839001e-02
2.062929777036882906e-02
3.475513428120063225e-02
4.840240430243593350e-02
9.134847752537456067e-02
4.840240430243593350e-02
7.685738684884714511e-02
5.899177690382553796e-02
1.728000000000000091e-01
5.899177690382553796e-02
3.866231647634578716e-01
7.274969173859430205e-02
3.317048084340448039e-02
5.081433224755700639e-02
3.641758834637172371e-02
3.021370670596904701e-02
1.728000000000000091e-01
2.302968270214942881e-01
6.539196940726577090e-02
5.081433224755700639e-02
8.129720124389161473e-02
5.609418282548475632e-02
1.466480446927374282e-01
7.274969173859430205e-02
3.641758834637172371e-02
4.840240430243593350e-02
7.685738684884714511e-02
2.386212991604065234e-02
2.302968270214942881e-01
1.728000000000000091e-01
5.081433224755700639e-02
1.102449888641425513e-01
6.208425720620841526e-02
1.359159553512803431e-01
4.612546125461255281e-02
1.137931034482758674e-02
8.129720124389161473e-02
7.274969173859430205e-02
2.386212991604065234e-02
2.078651685393257120e-01
2.883229216722729346e-02
1.963190184049079870e-02
5.899177690382553796e-02
3.165829145728642907e-02
3.317048084340448039e-02
1.263940520446096283e-01
1.434878587196468207e-02
8.611111111111109662e-02
5.609418282548475632e-02
1.867094960851234733e-02
6.539196940726577090e-02
9.706774519716886152e-02
7.563819728963127112e-03
7.685738684884714511e-02
3.816371681415928890e-02
2.750999294615565430e-02
2.078651685393257120e-01
2.062929777036882906e-02
4.612546125461255281e-02
2.386212991604065234e-02
1.889559965487488113e-01
1.359159553512803431e-01
8.611111111111109662e-02
5.609418282548475632e-02
2.302968270214942881e-01
1.588366890380313035e-01
8.611111111111109662e-02
1.359159553512803431e-01
1.033386327503974522e-01
3.475513428120063225e-02
6.208425720620841526e-02
6.893819334389858500e-02
1.102449888641425513e-01
3.317048084340448039e-02
5.899177690382553796e-02
5.337361530715003383e-02
1.263940520446096283e-01
1.889559965487488113e-01
1.466480446927374282e-01
3.475513428120063225e-02
1.356974850732766552e-02
3.021370670596904701e-02
1.208617971623751966e-02
2.062929777036882906e-02
6.539196940726577090e-02
1.434878587196468207e-02
1.102449888641425513e-01
7.274969173859430205e-02
1.178885630498534148e-01
9.706774519716886152e-02
4.612546125461255281e-02
6.539196940726577090e-02
1.102449888641425513e-01
3.165829145728642907e-02
1.963190184049079870e-02
7.685738684884714511e-02
1.102449888641425513e-01
1.263940520446096283e-01
9.134847752537456067e-02
2.750999294615565430e-02
1.359159553512803431e-01
1.598781880472021494e-02
4.840240430243593350e-02
7.274969173859430205e-02
1.774447949526814297e-02
2.883229216722729346e-02
2.750999294615565430e-02
1.263940520446096283e-01
1.137931034482758674e-02
7.274969173859430205e-02
1.102449888641425513e-01
1.515434985968194467e-02
1.588366890380313035e-01
9.706774519716886152e-02
6.539196940726577090e-02
2.274204028589993723e-02
1.685066821615339994e-02
3.165829145728642907e-02
2.502818489289740378e-02
1.356974850732766552e-02
2.502818489289740378e-02
7.274969173859430205e-02
1.137931034482758674e-02
1.263940520446096283e-01
1.774447949526814297e-02
1.263940520446096283e-01
1.208617971623751966e-02
1.033386327503974522e-01
2.166525063721325139e-02
1.774447949526814297e-02
4.840240430243593350e-02
1.208617971623751966e-02
1.003009027081243690e-02
1.102449888641425513e-01
7.274969173859430205e-02
1.867094960851234733e-02
1.359159553512803431e-01
4.193360512521839001e-02
1.102449888641425513e-01
1.963190184049079870e-02
3.641758834637172371e-02
3.475513428120063225e-02
1.466480446927374282e-01
5.899177690382553796e-02
3.816371681415928890e-02
7.563819728963127112e-03
1.178885630498534148e-01
8.611111111111109662e-02
8.611111111111109662e-02
3.816371681415928890e-02
3.475513428120063225e-02
5.899177690382553796e-02
1.263940520446096283e-01
1.774447949526814297e-02
1.102449888641425513e-01
5.337361530715003383e-02
5.899177690382553796e-02
2.274204028589993723e-02
5.081433224755700639e-02
3.317048084340448039e-02
1.889559965487488113e-01
2.883229216722729346e-02
4.000000000000000777e-02
2.502818489289740378e-02
1.208617971623751966e-02
5.899177690382553796e-02
1.359159553512803431e-01
1.178885630498534148e-01
3.816371681415928890e-02
4.612546125461255281e-02
3.475513428120063225e-02
3.317048084340448039e-02
8.611111111111109662e-02
9.134847752537456067e-02
3.816371681415928890e-02
1.263940520446096283e-01
1.963190184049079870e-02
9.706774519716886152e-02
5.899177690382553796e-02
3.816371681415928890e-02
1.774447949526814297e-02
8.760545100584035683e-03
2.905660377358489921e-01
1.515434985968194467e-02
1.359159553512803431e-01
9.134847752537456067e-02
5.337361530715003383e-02
8.611111111111109662e-02
3.165829145728642907e-02
6.539196940726577090e-02
2.750999294615565430e-02
1.003009027081243690e-02
4.193360512521839001e-02
1.178885630498534148e-01
1.263940520446096283e-01
5.081433224755700639e-02
4.612546125461255281e-02
7.274969173859430205e-02
6.208425720620841526e-02
3.475513428120063225e-02
1.685066821615339994e-02
1.033386327503974522e-01
2.274204028589993723e-02
1.102449888641425513e-01
3.816371681415928890e-02
5.081433224755700639e-02
3.475513428120063225e-02
1.466480446927374282e-01
1.515434985968194467e-02
1.263940520446096283e-01
1.963190184049079870e-02
2.062929777036882906e-02
4.193360512521839001e-02
7.274969173859430205e-02
2.274204028589993723e-02
3.641758834637172371e-02
5.337361530715003383e-02
1.102449888641425513e-01
9.706774519716886152e-02
1.359159553512803431e-01
4.840240430243593350e-02
3.317048084340448039e-02
2.750999294615565430e-02
4.000000000000000777e-02
2.386212991604065234e-02
5.081433224755700639e-02
6.893819334389858500e-02
9.706774519716886152e-02
7.685738684884714511e-02
1.102449888641425513e-01
2.883229216722729346e-02
3.641758834637172371e-02
3.317048084340448039e-02
3.317048084340448039e-02
4.397247980855518296e-02
7.274969173859430205e-02
1.963190184049079870e-02
3.641758834637172371e-02
5.081433224755700639e-02
5.081433224755700639e-02
8.611111111111109662e-02
1.588366890380313035e-01
3.021370670596904701e-02
3.317048084340448039e-02
8.129720124389161473e-02
7.685738684884714511e-02
1.434878587196468207e-02
2.078651685393257120e-01
3.165829145728642907e-02
1.515434985968194467e-02
1.033386327503974522e-01
5.609418282548475632e-02
3.816371681415928890e-02
1.178885630498534148e-01
3.323863636363636465e-01
5.609418282548475632e-02
1.178885630498534148e-01
7.274969173859430205e-02
3.475513428120063225e-02
3.317048084340448039e-02
2.386212991604065234e-02
3.641758834637172371e-02
2.624309392265192914e-02
1.137931034482758674e-02
1.728000000000000091e-01
1.466480446927374282e-01
5.337361530715003383e-02
2.502818489289740378e-02
6.208425720620841526e-02
1.281594873620505240e-02
1.178885630498534148e-01
1.434878587196468207e-02
1.208617971623751966e-02
1.889559965487488113e-01
8.611111111111109662e-02
5.899177690382553796e-02
4.000000000000000777e-02
7.685738684884714511e-02
2.386212991604065234e-02
3.475513428120063225e-02
5.899177690382553796e-02
9.134847752537456067e-02
7.274969173859430205e-02
2.750999294615565430e-02
2.502818489289740378e-02
9.706774519716886152e-02
1.208617971623751966e-02
4.840240430243593350e-02
3.816371681415928890e-02
1.033386327503974522e-01
4.612546125461255281e-02
1.356974850732766552e-02
1.728000000000000091e-01
6.208425720620841526e-02
3.641758834637172371e-02
5.609418282548475632e-02
5.609418282548475632e-02
4.397247980855518296e-02
3.021370670596904701e-02
4.840240430243593350e-02
4.397247980855518296e-02
2.573363431151240444e-01
3.165829145728642907e-02
3.816371681415928890e-02
2.624309392265192914e-02
5.609418282548475632e-02
6.208425720620841526e-02
2.062929777036882906e-02
1.466480446927374282e-01
1.867094960851234733e-02
6.539196940726577090e-02
1.963190184049079870e-02
9.134847752537456067e-02
3.317048084340448039e-02
6.893819334389858500e-02
3.475513428120063225e-02
1.178885630498534148e-01
8.129720124389161473e-02
8.611111111111109662e-02
1.208617971623751966e-02
9.134847752537456067e-02
1.003009027081243690e-02
5.899177690382553796e-02
4.193360512521839001e-02
1.728000000000000091e-01
8.129720124389161473e-02
7.685738684884714511e-02
4.000000000000000777e-02
5.337361530715003383e-02
1.033386327503974522e-01
9.706774519716886152e-02
1.102449888641425513e-01
1.178885630498534148e-01
4.193360512521839001e-02
5.609418282548475632e-02
5.609418282548475632e-02
1.359159553512803431e-01
3.317048084340448039e-02
2.166525063721325139e-02
1.102449888641425513e-01
1.102449888641425513e-01
2.502818489289740378e-02
1.033386327503974522e-01
1.598781880472021494e-02
1.178885630498534148e-01
1.598781880472021494e-02
7.685738684884714511e-02
3.021370670596904701e-02
1.356974850732766552e-02
5.081433224755700639e-02
5.081433224755700639e-02
2.062929777036882906e-02
1.515434985968194467e-02
9.706774519716886152e-02
1.963190184049079870e-02
1.137931034482758674e-02
2.624309392265192914e-02
4.000000000000000777e-02
1.598781880472021494e-02
2.502818489289740378e-02
5.081433224755700639e-02
1.033386327503974522e-01
1.359159553512803431e-01
2.078651685393257120e-01
8.129720124389161473e-02
1.069427940926837538e-02
4.193360512521839001e-02
3.317048084340448039e-02
1.033386327503974522e-01
4.000000000000000777e-02
3.475513428120063225e-02
2.078651685393257120e-01
9.706774519716886152e-02
3.816371681415928890e-02
2.502818489289740378e-02
1.069427940926837538e-02
1.515434985968194467e-02
4.612546125461255281e-02
5.899177690382553796e-02
9.134847752537456067e-02
2.502818489289740378e-02
6.893819334389858500e-02
6.208425720620841526e-02
1.137931034482758674e-02
4.193360512521839001e-02
7.685738684884714511e-02
4.612546125461255281e-02
5.609418282548475632e-02
7.685738684884714511e-02
4.397247980855518296e-02
2.883229216722729346e-02
7.685738684884714511e-02
7.274969173859430205e-02
1.178885630498534148e-01
8.129720124389161473e-02
5.337361530715003383e-02
5.609418282548475632e-02
8.611111111111109662e-02
1.033386327503974522e-01
1.515434985968194467e-02
4.000000000000000777e-02
2.274204028589993723e-02
9.706774519716886152e-02
1.588366890380313035e-01
3.317048084340448039e-02
1.466480446927374282e-01
4.193360512521839001e-02
2.883229216722729346e-02
2.883229216722729346e-02
1.208617971623751966e-02
1.598781880472021494e-02
1.281594873620505240e-02
1.889559965487488113e-01
1.263940520446096283e-01
2.274204028589993723e-02
5.609418282548475632e-02
3.816371681415928890e-02
1.102449888641425513e-01
4.193360512521839001e-02
1.281594873620505240e-02
1.774447949526814297e-02
1.685066821615339994e-02
1.263940520446096283e-01
9.706774519716886152e-02
2.750999294615565430e-02
3.641758834637172371e-02
1.774447949526814297e-02
6.539196940726577090e-02
1.178885630498534148e-01
5.899177690382553796e-02
2.750999294615565430e-02
6.433823529411765267e-03
1.774447949526814297e-02
2.274204028589993723e-02
6.208425720620841526e-02
4.840240430243593350e-02
1.434878587196468207e-02
1.178885630498534148e-01
1.102449888641425513e-01
7.274969173859430205e-02
5.337361530715003383e-02
5.081433224755700639e-02
1.685066821615339994e-02
1.281594873620505240e-02
4.000000000000000777e-02
4.397247980855518296e-02
1.889559965487488113e-01
1.359159553512803431e-01
1.208617971623751966e-02
1.774447949526814297e-02
3.317048084340448039e-02
5.609418282548475632e-02
8.129720124389161473e-02
3.165829145728642907e-02
2.166525063721325139e-02
1.281594873620505240e-02
8.611111111111109662e-02
1.889559965487488113e-01
1.867094960851234733e-02
5.609418282548475632e-02
4.193360512521839001e-02
1.685066821615339994e-02
5.609418282548475632e-02
1.359159553512803431e-01
1.598781880472021494e-02
7.274969173859430205e-02
1.728000000000000091e-01
1.963190184049079870e-02
5.899177690382553796e-02
1.356974850732766552e-02
8.129720124389161473e-02
3.475513428120063225e-02
5.081433224755700639e-02
1.178885630498534148e-01
3.021370670596904701e-02
2.062929777036882906e-02
2.883229216722729346e-02
5.337361530715003383e-02
5.609418282548475632e-02
2.624309392265192914e-02
8.129720124389161473e-02
7.274969173859430205e-02
1.889559965487488113e-01
1.356974850732766552e-02
5.899177690382553796e-02
7.685738684884714511e-02
5.337361530715003383e-02
2.078651685393257120e-01
5.081433224755700639e-02
4.840240430243593350e-02
1.102449888641425513e-01
5.337361530715003383e-02
1.598781880472021494e-02
6.893819334389858500e-02
1.466480446927374282e-01
5.899177690382553796e-02
5.609418282548475632e-02
1.588366890380313035e-01
7.685738684884714511e-02
4.000000000000000777e-02
2.386212991604065234e-02
6.539196940726577090e-02
1.685066821615339994e-02
1.685066821615339994e-02
3.816371681415928890e-02
3.475513428120063225e-02
4.612546125461255281e-02
2.062929777036882906e-02
6.893819334389858500e-02
3.165829145728642907e-02
1.178885630498534148e-01
5.081433224755700639e-02
8.129720124389161473e-02
9.706774519716886152e-02
1.263940520446096283e-01
2.166525063721325139e-02
1.356974850732766552e-02
4.193360512521839001e-02
2.274204028589993723e-02
2.274204028589993723e-02
1.728000000000000091e-01
7.685738684884714511e-02
4.840240430243593350e-02
4.612546125461255281e-02
3.475513428120063225e-02
3.165829145728642907e-02
4.840240430243593350e-02
3.475513428120063225e-02
3.475513428120063225e-02
9.385806026675448319e-03
8.760545100584035683e-03
8.611111111111109662e-02
2.502818489289740378e-02
1.963190184049079870e-02
4.612546125461255281e-02
3.641758834637172371e-02
4.000000000000000777e-02
4.612546125461255281e-02
5.081433224755700639e-02
4.000000000000000777e-02
1.963190184049079870e-02
4.397247980855518296e-02
3.165829145728642907e-02
1.033386327503974522e-01
6.208425720620841526e-02
1.963190184049079870e-02
4.397247980855518296e-02
2.062929777036882906e-02
4.840240430243593350e-02
5.081433224755700639e-02
9.706774519716886152e-02
2.573363431151240444e-01
1.359159553512803431e-01
4.000000000000000777e-02
9.706774519716886152e-02
4.612546125461255281e-02
2.062929777036882906e-02
3.165829145728642907e-02
1.466480446927374282e-01
5.081433224755700639e-02
1.102449888641425513e-01
1.208617971623751966e-02
5.081433224755700639e-02
1.588366890380313035e-01
1.515434985968194467e-02
3.165829145728642907e-02
3.165829145728642907e-02
7.274969173859430205e-02
2.166525063721325139e-02
8.760545100584035683e-03
5.337361530715003383e-02
8.129720124389161473e-02
2.883229216722729346e-02
6.208425720620841526e-02
5.899177690382553796e-02
3.641758834637172371e-02
1.356974850732766552e-02
4.612546125461255281e-02
3.021370670596904701e-02
1.263940520446096283e-01
6.893819334389858500e-02
1.102449888641425513e-01
1.359159553512803431e-01
3.641758834637172371e-02
2.624309392265192914e-02
1.137931034482758674e-02
1.102449888641425513e-01
5.337361530715003383e-02
1.003009027081243690e-02
5.899177690382553796e-02
5.899177690382553796e-02
8.611111111111109662e-02
8.611111111111109662e-02
1.867094960851234733e-02
2.062929777036882906e-02
4.397247980855518296e-02
5.899177690382553796e-02
4.840240430243593350e-02
1.588366890380313035e-01
5.337361530715003383e-02
1.515434985968194467e-02
4.612546125461255281e-02
1.033386327503974522e-01
9.706774519716886152e-02
7.685738684884714511e-02
5.609418282548475632e-02
6.893819334389858500e-02
1.281594873620505240e-02
3.475513428120063225e-02
1.033386327503974522e-01
1.102449888641425513e-01
2.502818489289740378e-02
3.165829145728642907e-02
2.166525063721325139e-02
1.728000000000000091e-01
6.208425720620841526e-02
2.062929777036882906e-02
7.274969173859430205e-02
8.129720124389161473e-02
2.750999294615565430e-02
1.281594873620505240e-02
1.466480446927374282e-01
8.129720124389161473e-02
8.153477218225419626e-03
5.899177690382553796e-02
3.816371681415928890e-02
3.475513428120063225e-02
6.208425720620841526e-02
7.685738684884714511e-02
4.612546125461255281e-02
9.134847752537456067e-02
5.609418282548475632e-02
5.899177690382553796e-02
2.502818489289740378e-02
9.706774519716886152e-02
1.867094960851234733e-02
5.609418282548475632e-02
5.899177690382553796e-02
6.208425720620841526e-02
4.597701149425281186e-01
6.893819334389858500e-02
8.129720124389161473e-02
3.816371681415928890e-02
2.078651685393257120e-01
5.899177690382553796e-02
4.612546125461255281e-02
2.062929777036882906e-02
7.274969173859430205e-02
1.281594873620505240e-02
2.502818489289740378e-02
1.102449888641425513e-01
2.905660377358489921e-01
1.598781880472021494e-02
6.208425720620841526e-02
3.021370670596904701e-02
3.816371681415928890e-02
4.840240430243593350e-02
5.081433224755700639e-02
8.611111111111109662e-02
2.166525063721325139e-02
8.153477218225419626e-03
1.178885630498534148e-01
3.641758834637172371e-02
7.274969173859430205e-02
6.893819334389858500e-02
1.102449888641425513e-01
1.281594873620505240e-02
3.641758834637172371e-02
4.193360512521839001e-02
3.816371681415928890e-02
3.816371681415928890e-02
1.356974850732766552e-02
1.102449888641425513e-01
3.021370670596904701e-02
1.515434985968194467e-02
7.685738684884714511e-02
1.281594873620505240e-02
3.021370670596904701e-02
4.397247980855518296e-02
1.774447949526814297e-02
1.178885630498534148e-01
3.816371681415928890e-02
2.502818489289740378e-02
5.609418282548475632e-02
3.475513428120063225e-02
5.337361530715003383e-02
3.475513428120063225e-02
4.612546125461255281e-02
3.317048084340448039e-02
1.685066821615339994e-02
1.263940520446096283e-01
5.081433224755700639e-02
5.609418282548475632e-02
2.624309392265192914e-02
1.588366890380313035e-01
3.165829145728642907e-02
7.274969173859430205e-02
1.598781880472021494e-02
1.588366890380313035e-01
4.000000000000000777e-02
1.069427940926837538e-02
3.021370670596904701e-02
4.840240430243593350e-02
5.609418282548475632e-02
2.883229216722729346e-02
1.359159553512803431e-01
1.137931034482758674e-02
5.899177690382553796e-02
3.021370670596904701e-02
3.475513428120063225e-02
3.165829145728642907e-02
2.166525063721325139e-02
9.706774519716886152e-02
6.893819334389858500e-02
1.963190184049079870e-02
4.612546125461255281e-02
5.337361530715003383e-02
8.611111111111109662e-02
6.539196940726577090e-02
4.397247980855518296e-02
2.166525063721325139e-02
8.760545100584035683e-03
2.502818489289740378e-02
3.816371681415928890e-02
5.081433224755700639e-02
5.081433224755700639e-02
9.134847752537456067e-02
8.129720124389161473e-02
1.774447949526814297e-02
2.166525063721325139e-02
4.000000000000000777e-02
2.883229216722729346e-02
3.641758834637172371e-02
2.062929777036882906e-02
1.515434985968194467e-02
3.475513428120063225e-02
7.685738684884714511e-02
1.963190184049079870e-02
7.685738684884714511e-02
2.750999294615565430e-02
6.539196940726577090e-02
1.356974850732766552e-02
4.840240430243593350e-02
2.502818489289740378e-02
3.816371681415928890e-02
7.685738684884714511e-02
2.624309392265192914e-02
8.129720124389161473e-02
4.612546125461255281e-02
7.274969173859430205e-02
4.612546125461255281e-02
1.033386327503974522e-01
1.774447949526814297e-02
1.102449888641425513e-01
8.611111111111109662e-02
1.102449888641425513e-01
4.193360512521839001e-02
1.434878587196468207e-02
3.816371681415928890e-02
2.750999294615565430e-02
4.397247980855518296e-02
5.609418282548475632e-02
5.337361530715003383e-02
5.081433224755700639e-02
2.274204028589993723e-02
6.893819334389858500e-02
2.502818489289740378e-02
9.385806026675448319e-03
1.178885630498534148e-01
4.000000000000000777e-02
6.539196940726577090e-02
2.624309392265192914e-02
1.137931034482758674e-02
1.359159553512803431e-01
6.208425720620841526e-02
5.081433224755700639e-02
1.774447949526814297e-02
4.612546125461255281e-02
5.899177690382553796e-02
4.612546125461255281e-02
6.893819334389858500e-02
2.386212991604065234e-02
6.539196940726577090e-02
1.102449888641425513e-01
4.840240430243593350e-02
6.893819334389858500e-02
2.274204028589993723e-02
6.539196940726577090e-02
5.609418282548475632e-02
1.889559965487488113e-01
1.515434985968194467e-02
3.816371681415928890e-02
1.102449888641425513e-01
1.728000000000000091e-01
6.208425720620841526e-02
9.706774519716886152e-02
2.274204028589993723e-02
2.166525063721325139e-02
4.193360512521839001e-02
1.359159553512803431e-01
2.883229216722729346e-02
3.475513428120063225e-02
6.208425720620841526e-02
2.624309392265192914e-02
1.178885630498534148e-01
3.165829145728642907e-02
6.539196940726577090e-02
5.081433224755700639e-02
1.963190184049079870e-02
5.609418282548475632e-02
1.178885630498534148e-01
1.263940520446096283e-01
6.893819334389858500e-02
4.193360512521839001e-02
2.502818489289740378e-02
5.081433224755700639e-02
4.612546125461255281e-02
2.624309392265192914e-02
1.263940520446096283e-01
2.502818489289740378e-02
4.612546125461255281e-02
1.102449888641425513e-01
1.588366890380313035e-01
8.129720124389161473e-02
1.466480446927374282e-01
5.337361530715003383e-02
2.883229216722729346e-02
8.129720124389161473e-02
5.337361530715003383e-02
1.003009027081243690e-02
1.867094960851234733e-02
4.397247980855518296e-02
1.434878587196468207e-02
3.317048084340448039e-02
1.774447949526814297e-02
6.208425720620841526e-02
1.685066821615339994e-02
9.706774519716886152e-02
2.624309392265192914e-02
2.062929777036882906e-02
4.193360512521839001e-02
5.081433224755700639e-02
5.899177690382553796e-02
4.000000000000000777e-02
5.899177690382553796e-02
5.899177690382553796e-02
1.359159553512803431e-01
1.728000000000000091e-01
4.000000000000000777e-02
5.609418282548475632e-02
5.337361530715003383e-02
4.840240430243593350e-02
4.000000000000000777e-02
3.475513428120063225e-02
8.611111111111109662e-02
4.612546125461255281e-02
2.883229216722729346e-02
3.021370670596904701e-02
6.208425720620841526e-02
1.359159553512803431e-01
1.774447949526814297e-02
2.502818489289740378e-02
1.774447949526814297e-02
3.641758834637172371e-02
7.274969173859430205e-02
4.612546125461255281e-02
4.612546125461255281e-02
1.774447949526814297e-02
4.000000000000000777e-02
5.609418282548475632e-02
6.539196940726577090e-02
1.867094960851234733e-02
8.611111111111109662e-02
1.359159553512803431e-01
3.475513428120063225e-02
1.515434985968194467e-02
1.867094960851234733e-02
1.685066821615339994e-02
4.397247980855518296e-02
1.588366890380313035e-01
6.893819334389858500e-02
5.081433224755700639e-02
2.062929777036882906e-02
6.893819334389858500e-02
2.883229216722729346e-02
6.893819334389858500e-02
8.129720124389161473e-02
6.539196940726577090e-02
3.021370670596904701e-02
5.337361530715003383e-02
9.134847752537456067e-02
8.129720124389161473e-02
4.612546125461255281e-02
4.840240430243593350e-02
1.867094960851234733e-02
5.081433224755700639e-02
2.883229216722729346e-02
3.021370670596904701e-02
1.515434985968194467e-02
1.359159553512803431e-01
8.611111111111109662e-02
4.000000000000000777e-02
6.539196940726577090e-02
3.021370670596904701e-02
4.612546125461255281e-02
2.274204028589993723e-02
2.624309392265192914e-02
1.003009027081243690e-02
8.611111111111109662e-02
7.274969173859430205e-02
3.816371681415928890e-02
4.193360512521839001e-02
9.134847752537456067e-02
4.397247980855518296e-02
6.208425720620841526e-02
6.539196940726577090e-02
1.515434985968194467e-02
4.193360512521839001e-02
8.153477218225419626e-03
4.397247980855518296e-02
4.397247980855518296e-02
5.899177690382553796e-02
5.081433224755700639e-02
4.612546125461255281e-02
4.612546125461255281e-02
4.193360512521839001e-02
7.274969173859430205e-02
2.624309392265192914e-02
2.502818489289740378e-02
3.021370670596904701e-02
1.685066821615339994e-02
4.840240430243593350e-02
4.397247980855518296e-02
1.774447949526814297e-02
2.062929777036882906e-02
2.750999294615565430e-02
3.317048084340448039e-02
1.281594873620505240e-02
7.274969173859430205e-02
8.153477218225419626e-03
6.208425720620841526e-02
3.816371681415928890e-02
4.193360512521839001e-02
8.153477218225419626e-03
2.883229216722729346e-02
4.000000000000000777e-02
2.274204028589993723e-02
2.883229216722729346e-02
9.706774519716886152e-02
1.466480446927374282e-01
2.624309392265192914e-02
3.475513428120063225e-02
4.193360512521839001e-02
7.685738684884714511e-02
7.274969173859430205e-02
4.000000000000000777e-02
1.685066821615339994e-02
4.193360512521839001e-02
2.078651685393257120e-01
1.359159553512803431e-01
2.624309392265192914e-02
1.263940520446096283e-01
5.899177690382553796e-02
5.081433224755700639e-02
4.000000000000000777e-02
3.475513428120063225e-02
1.102449888641425513e-01
9.134847752537456067e-02
4.840240430243593350e-02
9.134847752537456067e-02
1.359159553512803431e-01
6.539196940726577090e-02
1.434878587196468207e-02
3.165829145728642907e-02
1.137931034482758674e-02
7.685738684884714511e-02
7.274969173859430205e-02
3.021370670596904701e-02
4.397247980855518296e-02
8.760545100584035683e-03
2.078651685393257120e-01
5.081433224755700639e-02
4.000000000000000777e-02
3.641758834637172371e-02
4.840240430243593350e-02
3.165829145728642907e-02
1.033386327503974522e-01
1.685066821615339994e-02
4.597701149425281186e-01
3.816371681415928890e-02
7.274969173859430205e-02
3.475513428120063225e-02
6.208425720620841526e-02
1.102449888641425513e-01
1.588366890380313035e-01
1.515434985968194467e-02
3.816371681415928890e-02
5.337361530715003383e-02
5.081433224755700639e-02
6.208425720620841526e-02
6.893819334389858500e-02
1.774447949526814297e-02
7.685738684884714511e-02
3.317048084340448039e-02
4.000000000000000777e-02
1.515434985968194467e-02
4.840240430243593350e-02
2.624309392265192914e-02
5.081433224755700639e-02
3.816371681415928890e-02
4.397247980855518296e-02
9.134847752537456067e-02
5.337361530715003383e-02
9.385806026675448319e-03
1.208617971623751966e-02
3.641758834637172371e-02
1.515434985968194467e-02
2.062929777036882906e-02
4.193360512521839001e-02
5.899177690382553796e-02
2.062929777036882906e-02
1.033386327503974522e-01
1.963190184049079870e-02
9.134847752537456067e-02
1.774447949526814297e-02
1.102449888641425513e-01
7.685738684884714511e-02
4.612546125461255281e-02
4.612546125461255281e-02
5.899177690382553796e-02
5.081433224755700639e-02
3.317048084340448039e-02
1.033386327503974522e-01
1.466480446927374282e-01
4.193360512521839001e-02
2.750999294615565430e-02
1.434878587196468207e-02
2.502818489289740378e-02
6.208425720620841526e-02
4.397247980855518296e-02
5.081433224755700639e-02
2.883229216722729346e-02
1.208617971623751966e-02
1.515434985968194467e-02
1.102449888641425513e-01
4.397247980855518296e-02
2.624309392265192914e-02
1.598781880472021494e-02
5.337361530715003383e-02
1.178885630498534148e-01
3.641758834637172371e-02
6.893819334389858500e-02
4.397247980855518296e-02
3.165829145728642907e-02
3.816371681415928890e-02
4.193360512521839001e-02
9.706774519716886152e-02
4.193360512521839001e-02
2.386212991604065234e-02
3.641758834637172371e-02
1.774447949526814297e-02
1.867094960851234733e-02
6.893819334389858500e-02
1.867094960851234733e-02
1.588366890380313035e-01
2.883229216722729346e-02
1.728000000000000091e-01
8.129720124389161473e-02
3.816371681415928890e-02
3.021370670596904701e-02
8.611111111111109662e-02
5.337361530715003383e-02
1.281594873620505240e-02
1.963190184049079870e-02
1.466480446927374282e-01
8.129720124389161473e-02
6.208425720620841526e-02
3.165829145728642907e-02
6.893819334389858500e-02
9.706774519716886152e-02
6.208425720620841526e-02
6.208425720620841526e-02
1.867094960851234733e-02
1.728000000000000091e-01
2.883229216722729346e-02
2.883229216722729346e-02
7.685738684884714511e-02
1.033386327503974522e-01
5.899177690382553796e-02
4.612546125461255281e-02
1.102449888641425513e-01
3.641758834637172371e-02
1.208617971623751966e-02
5.337361530715003383e-02
1.359159553512803431e-01
7.274969173859430205e-02
2.062929777036882906e-02
7.685738684884714511e-02
1.208617971623751966e-02
6.208425720620841526e-02
5.081433224755700639e-02
7.685738684884714511e-02
4.840240430243593350e-02
5.337361530715003383e-02
1.281594873620505240e-02
1.178885630498534148e-01
3.641758834637172371e-02
6.539196940726577090e-02
2.624309392265192914e-02
5.337361530715003383e-02
4.193360512521839001e-02
7.685738684884714511e-02
4.397247980855518296e-02
2.274204028589993723e-02
4.840240430243593350e-02
8.611111111111109662e-02
1.598781880472021494e-02
2.750999294615565430e-02
3.641758834637172371e-02
1.263940520446096283e-01
4.612546125461255281e-02
4.000000000000000777e-02
4.397247980855518296e-02
2.750999294615565430e-02
3.475513428120063225e-02
4.397247980855518296e-02
2.502818489289740378e-02
1.003009027081243690e-02
2.274204028589993723e-02
4.397247980855518296e-02
1.281594873620505240e-02
2.166525063721325139e-02
2.750999294615565430e-02
2.750999294615565430e-02
2.573363431151240444e-01
6.539196940726577090e-02
1.178885630498534148e-01
6.893819334389858500e-02
2.624309392265192914e-02
5.899177690382553796e-02
5.337361530715003383e-02
4.612546125461255281e-02
7.274969173859430205e-02
8.611111111111109662e-02
5.081433224755700639e-02
3.816371681415928890e-02
7.685738684884714511e-02
5.081433224755700639e-02
8.611111111111109662e-02
3.475513428120063225e-02
1.208617971623751966e-02
3.641758834637172371e-02
2.062929777036882906e-02
9.134847752537456067e-02
1.356974850732766552e-02
7.685738684884714511e-02
1.208617971623751966e-02
8.611111111111109662e-02
6.208425720620841526e-02
5.609418282548475632e-02
7.274969173859430205e-02
6.208425720620841526e-02
3.021370670596904701e-02
2.166525063721325139e-02
1.033386327503974522e-01
7.274969173859430205e-02
2.624309392265192914e-02
1.208617971623751966e-02
6.893819334389858500e-02
3.021370670596904701e-02
1.963190184049079870e-02
1.466480446927374282e-01
4.193360512521839001e-02
4.612546125461255281e-02
6.539196940726577090e-02
1.263940520446096283e-01
5.899177690382553796e-02
4.840240430243593350e-02
1.889559965487488113e-01
6.539196940726577090e-02
3.641758834637172371e-02
1.102449888641425513e-01
2.274204028589993723e-02
3.475513428120063225e-02
1.178885630498534148e-01
3.317048084340448039e-02
8.129720124389161473e-02
6.893819334389858500e-02
1.033386327503974522e-01
7.274969173859430205e-02
3.165829145728642907e-02
3.816371681415928890e-02
4.000000000000000777e-02
2.883229216722729346e-02
1.137931034482758674e-02
8.129720124389161473e-02
3.317048084340448039e-02
2.302968270214942881e-01
7.274969173859430205e-02
8.153477218225419626e-03
9.706774519716886152e-02
3.641758834637172371e-02
5.337361530715003383e-02
4.840240430243593350e-02
1.515434985968194467e-02
3.641758834637172371e-02
3.021370670596904701e-02
6.893819334389858500e-02
4.397247980855518296e-02
5.609418282548475632e-02
1.356974850732766552e-02
5.899177690382553796e-02
1.685066821615339994e-02
1.359159553512803431e-01
1.466480446927374282e-01
2.624309392265192914e-02
1.102449888641425513e-01
3.475513428120063225e-02
1.356974850732766552e-02
5.609418282548475632e-02
4.840240430243593350e-02
7.685738684884714511e-02
1.263940520446096283e-01
4.397247980855518296e-02
3.475513428120063225e-02
3.475513428120063225e-02
7.274969173859430205e-02
2.062929777036882906e-02
2.750999294615565430e-02
2.062929777036882906e-02
2.062929777036882906e-02
1.774447949526814297e-02
2.386212991604065234e-02
6.208425720620841526e-02
7.274969173859430205e-02
6.208425720620841526e-02
1.178885630498534148e-01
3.317048084340448039e-02
6.208425720620841526e-02
2.883229216722729346e-02
1.178885630498534148e-01
4.840240430243593350e-02
1.137931034482758674e-02
2.750999294615565430e-02
3.317048084340448039e-02
4.193360512521839001e-02
2.905660377358489921e-01
5.081433224755700639e-02
5.081433224755700639e-02
1.069427940926837538e-02
9.385806026675448319e-03
4.000000000000000777e-02
1.867094960851234733e-02
3.475513428120063225e-02
3.165829145728642907e-02
6.539196940726577090e-02
5.337361530715003383e-02
2.166525063721325139e-02
6.539196940726577090e-02
1.963190184049079870e-02
6.539196940726577090e-02
8.153477218225419626e-03
1.588366890380313035e-01
8.611111111111109662e-02
3.165829145728642907e-02
5.609418282548475632e-02
1.281594873620505240e-02
4.397247980855518296e-02
2.502818489289740378e-02
3.021370670596904701e-02
1.102449888641425513e-01
1.515434985968194467e-02
7.274969173859430205e-02
1.137931034482758674e-02
1.598781880472021494e-02
6.539196940726577090e-02
3.165829145728642907e-02
8.611111111111109662e-02
1.263940520446096283e-01
4.193360512521839001e-02
1.515434985968194467e-02
3.816371681415928890e-02
3.021370670596904701e-02
7.685738684884714511e-02
3.021370670596904701e-02
5.337361530715003383e-02
2.624309392265192914e-02
1.774447949526814297e-02
5.899177690382553796e-02
9.134847752537456067e-02
6.539196940726577090e-02
2.883229216722729346e-02
5.609418282548475632e-02
1.588366890380313035e-01
1.137931034482758674e-02
3.816371681415928890e-02
4.000000000000000777e-02
7.685738684884714511e-02
1.178885630498534148e-01
3.165829145728642907e-02
6.208425720620841526e-02
1.588366890380313035e-01
1.102449888641425513e-01
8.611111111111109662e-02
8.129720124389161473e-02
1.102449888641425513e-01
5.337361530715003383e-02
4.840240430243593350e-02
2.883229216722729346e-02
2.750999294615565430e-02
6.208425720620841526e-02
4.840240430243593350e-02
2.573363431151240444e-01
1.588366890380313035e-01
4.193360512521839001e-02
4.840240430243593350e-02
8.129720124389161473e-02
3.641758834637172371e-02
4.000000000000000777e-02
1.598781880472021494e-02
5.337361530715003383e-02
4.840240430243593350e-02
1.515434985968194467e-02
2.386212991604065234e-02
1.774447949526814297e-02
1.033386327503974522e-01
9.706774519716886152e-02
1.102449888641425513e-01
2.502818489289740378e-02
1.515434985968194467e-02
2.883229216722729346e-02
4.397247980855518296e-02
1.867094960851234733e-02
4.193360512521839001e-02
4.612546125461255281e-02
3.165829145728642907e-02
2.624309392265192914e-02
1.598781880472021494e-02
8.611111111111109662e-02
3.021370670596904701e-02
1.515434985968194467e-02
6.539196940726577090e-02
5.081433224755700639e-02
5.081433224755700639e-02
9.706774519716886152e-02
4.397247980855518296e-02
1.685066821615339994e-02
5.609418282548475632e-02
5.081433224755700639e-02
9.134847752537456067e-02
1.598781880472021494e-02
7.274969173859430205e-02
5.609418282548475632e-02
1.598781880472021494e-02
9.706774519716886152e-02
2.386212991604065234e-02
6.208425720620841526e-02
4.397247980855518296e-02
1.434878587196468207e-02
9.706774519716886152e-02
1.588366890380313035e-01
3.021370670596904701e-02
3.816371681415928890e-02
4.397247980855518296e-02
3.165829145728642907e-02
6.893819334389858500e-02
4.612546125461255281e-02
1.588366890380313035e-01
3.021370670596904701e-02
6.893819334389858500e-02
1.598781880472021494e-02
3.816371681415928890e-02
4.397247980855518296e-02
8.129720124389161473e-02
6.893819334389858500e-02
9.134847752537456067e-02
6.539196940726577090e-02
1.033386327503974522e-01
2.624309392265192914e-02
1.963190184049079870e-02
1.867094960851234733e-02
1.728000000000000091e-01
3.641758834637172371e-02
5.899177690382553796e-02
1.137931034482758674e-02
1.963190184049079870e-02
5.337361530715003383e-02
4.193360512521839001e-02
6.208425720620841526e-02
3.816371681415928890e-02
1.003009027081243690e-02
3.816371681415928890e-02
3.641758834637172371e-02
5.337361530715003383e-02
6.539196940726577090e-02
6.208425720620841526e-02
4.193360512521839001e-02
2.750999294615565430e-02
3.816371681415928890e-02
6.208425720620841526e-02
5.899177690382553796e-02
9.706774519716886152e-02
1.102449888641425513e-01
4.193360512521839001e-02
1.356974850732766552e-02
5.899177690382553796e-02
1.598781880472021494e-02
3.475513428120063225e-02
4.612546125461255281e-02
1.356974850732766552e-02
3.816371681415928890e-02
2.624309392265192914e-02
5.081433224755700639e-02
9.134847752537456067e-02
6.208425720620841526e-02
1.685066821615339994e-02
6.893819334389858500e-02
2.274204028589993723e-02
1.867094960851234733e-02
7.274969173859430205e-02
5.609418282548475632e-02
4.000000000000000777e-02
5.609418282548475632e-02
5.081433224755700639e-02
1.867094960851234733e-02
7.274969173859430205e-02
3.317048084340448039e-02
3.165829145728642907e-02
5.081433224755700639e-02
2.502818489289740378e-02
1.434878587196468207e-02
2.624309392265192914e-02
2.386212991604065234e-02
1.003009027081243690e-02
3.816371681415928890e-02
9.134847752537456067e-02
2.166525063721325139e-02
2.502818489289740378e-02
6.208425720620841526e-02
3.317048084340448039e-02
3.165829145728642907e-02
3.641758834637172371e-02
4.840240430243593350e-02
1.598781880472021494e-02
6.893819334389858500e-02
6.893819334389858500e-02
6.539196940726577090e-02
6.539196940726577090e-02
5.899177690382553796e-02
4.840240430243593350e-02
1.359159553512803431e-01
3.165829145728642907e-02
4.840240430243593350e-02
3.021370670596904701e-02
1.263940520446096283e-01
2.078651685393257120e-01
5.337361530715003383e-02
8.611111111111109662e-02
1.466480446927374282e-01
8.153477218225419626e-03
5.081433224755700639e-02
1.434878587196468207e-02
1.889559965487488113e-01
2.573363431151240444e-01
5.081433224755700639e-02
6.539196940726577090e-02
9.134847752537456067e-02
5.337361530715003383e-02
4.612546125461255281e-02
1.598781880472021494e-02
7.685738684884714511e-02
5.337361530715003383e-02
8.129720124389161473e-02
6.539196940726577090e-02
8.611111111111109662e-02
6.893819334389858500e-02
9.706774519716886152e-02
7.274969173859430205e-02
3.641758834637172371e-02
4.000000000000000777e-02
6.208425720620841526e-02
1.963190184049079870e-02
3.816371681415928890e-02
2.502818489289740378e-02
1.867094960851234733e-02
3.317048084340448039e-02
8.611111111111109662e-02
1.515434985968194467e-02
1.033386327503974522e-01
4.612546125461255281e-02
3.816371681415928890e-02
1.963190184049079870e-02
2.883229216722729346e-02
5.609418282548475632e-02
2.624309392265192914e-02
3.641758834637172371e-02
4.397247980855518296e-02
8.760545100584035683e-03
2.750999294615565430e-02
1.466480446927374282e-01
5.337361530715003383e-02
2.573363431151240444e-01
1.774447949526814297e-02
5.609418282548475632e-02
5.609418282548475632e-02
4.000000000000000777e-02
3.816371681415928890e-02
1.356974850732766552e-02
6.539196940726577090e-02
4.193360512521839001e-02
4.612546125461255281e-02
1.102449888641425513e-01
1.598781880472021494e-02
1.685066821615339994e-02
1.515434985968194467e-02
1.867094960851234733e-02
3.816371681415928890e-02
2.750999294615565430e-02
9.706774519716886152e-02
2.624309392265192914e-02
6.208425720620841526e-02
6.208425720620841526e-02
7.685738684884714511e-02
3.816371681415928890e-02
1.137931034482758674e-02
4.397247980855518296e-02
4.612546125461255281e-02
5.609418282548475632e-02
2.502818489289740378e-02
1.774447949526814297e-02
2.062929777036882906e-02
1.003009027081243690e-02
1.598781880472021494e-02
4.840240430243593350e-02
2.386212991604065234e-02
6.208425720620841526e-02
3.641758834637172371e-02
3.641758834637172371e-02
4.000000000000000777e-02
3.165829145728642907e-02
4.193360512521839001e-02
4.397247980855518296e-02
1.963190184049079870e-02
3.475513428120063225e-02
1.003009027081243690e-02
4.840240430243593350e-02
7.685738684884714511e-02
1.685066821615339994e-02
3.475513428120063225e-02
8.129720124389161473e-02
8.611111111111109662e-02
8.129720124389161473e-02
5.337361530715003383e-02
1.033386327503974522e-01
3.816371681415928890e-02
2.624309392265192914e-02
5.609418282548475632e-02
6.539196940726577090e-02
5.899177690382553796e-02
1.774447949526814297e-02
2.502818489289740378e-02
2.883229216722729346e-02
1.003009027081243690e-02
2.883229216722729346e-02
7.685738684884714511e-02
3.641758834637172371e-02
4.397247980855518296e-02
1.263940520446096283e-01
7.274969173859430205e-02
3.317048084340448039e-02
1.208617971623751966e-02
2.573363431151240444e-01
6.208425720620841526e-02
3.475513428120063225e-02
7.274969173859430205e-02
3.641758834637172371e-02
3.317048084340448039e-02
1.003009027081243690e-02
3.021370670596904701e-02
3.317048084340448039e-02
1.515434985968194467e-02
5.337361530715003383e-02
1.102449888641425513e-01
1.867094960851234733e-02
2.502818489289740378e-02
9.706774519716886152e-02
5.081433224755700639e-02
3.816371681415928890e-02
1.466480446927374282e-01
4.193360512521839001e-02
1.685066821615339994e-02
2.274204028589993723e-02
2.386212991604065234e-02
4.397247980855518296e-02
3.317048084340448039e-02
7.685738684884714511e-02
6.539196940726577090e-02
6.539196940726577090e-02
1.515434985968194467e-02
8.611111111111109662e-02
3.021370670596904701e-02
2.274204028589993723e-02
2.883229216722729346e-02
1.515434985968194467e-02
7.685738684884714511e-02
4.612546125461255281e-02
5.899177690382553796e-02
9.706774519716886152e-02
1.963190184049079870e-02
4.397247980855518296e-02
5.081433224755700639e-02
6.893819334389858500e-02
1.102449888641425513e-01
1.033386327503974522e-01
4.397247980855518296e-02
4.000000000000000777e-02
2.502818489289740378e-02
2.386212991604065234e-02
1.434878587196468207e-02
4.840240430243593350e-02
4.840240430243593350e-02
2.750999294615565430e-02
3.165829145728642907e-02
5.609418282548475632e-02
4.612546125461255281e-02
1.466480446927374282e-01
5.081433224755700639e-02
6.893819334389858500e-02
5.899177690382553796e-02
3.165829145728642907e-02
1.728000000000000091e-01
2.573363431151240444e-01
2.274204028589993723e-02
2.386212991604065234e-02
8.129720124389161473e-02
7.685738684884714511e-02
2.386212991604065234e-02
4.840240430243593350e-02
1.867094960851234733e-02
2.883229216722729346e-02
3.816371681415928890e-02
1.281594873620505240e-02
5.609418282548475632e-02
4.193360512521839001e-02
1.466480446927374282e-01
2.386212991604065234e-02
1.466480446927374282e-01
7.563819728963127112e-03
3.165829145728642907e-02
1.867094960851234733e-02
4.000000000000000777e-02
1.598781880472021494e-02
3.021370670596904701e-02
3.165829145728642907e-02
2.750999294615565430e-02
4.612546125461255281e-02
7.685738684884714511e-02
1.774447949526814297e-02
5.899177690382553796e-02
6.539196940726577090e-02
6.539196940726577090e-02
9.706774519716886152e-02
3.475513428120063225e-02
5.081433224755700639e-02
8.611111111111109662e-02
3.165829145728642907e-02
2.274204028589993723e-02
1.867094960851234733e-02
4.840240430243593350e-02
1.466480446927374282e-01
1.466480446927374282e-01
2.062929777036882906e-02
9.134847752537456067e-02
1.102449888641425513e-01
6.539196940726577090e-02
4.193360512521839001e-02
1.102449888641425513e-01
1.178885630498534148e-01
5.892128720350506624e-03
5.337361530715003383e-02
8.129720124389161473e-02
6.539196940726577090e-02
4.612546125461255281e-02
1.685066821615339994e-02
5.609418282548475632e-02
5.609418282548475632e-02
4.397247980855518296e-02
1.598781880472021494e-02
6.208425720620841526e-02
8.760545100584035683e-03
7.685738684884714511e-02
7.685738684884714511e-02
7.685738684884714511e-02
8.129720124389161473e-02
1.867094960851234733e-02
5.337361530715003383e-02
5.081433224755700639e-02
2.883229216722729346e-02
1.281594873620505240e-02
1.003009027081243690e-02
8.129720124389161473e-02
2.274204028589993723e-02
3.475513428120063225e-02
2.502818489289740378e-02
4.000000000000000777e-02
4.397247980855518296e-02
1.003009027081243690e-02
1.356974850732766552e-02
3.165829145728642907e-02
3.816371681415928890e-02
1.033386327503974522e-01
4.193360512521839001e-02
1.137931034482758674e-02
3.317048084340448039e-02
4.840240430243593350e-02
1.359159553512803431e-01
1.281594873620505240e-02
5.081433224755700639e-02
2.624309392265192914e-02
1.069427940926837538e-02
1.774447949526814297e-02
4.840240430243593350e-02
5.899177690382553796e-02
3.641758834637172371e-02
7.274969173859430205e-02
2.062929777036882906e-02
1.963190184049079870e-02
6.539196940726577090e-02
5.081433224755700639e-02
1.033386327503974522e-01
8.760545100584035683e-03
5.609418282548475632e-02
2.274204028589993723e-02
9.134847752537456067e-02
1.178885630498534148e-01
1.033386327503974522e-01
6.893819334389858500e-02
7.274969173859430205e-02
8.129720124389161473e-02
1.774447949526814297e-02
2.166525063721325139e-02
2.502818489289740378e-02
4.193360512521839001e-02
1.598781880472021494e-02
1.434878587196468207e-02
2.386212991604065234e-02
2.274204028589993723e-02
2.166525063721325139e-02
4.193360512521839001e-02
1.588366890380313035e-01
6.539196940726577090e-02
4.612546125461255281e-02
6.893819334389858500e-02
5.609418282548475632e-02
2.624309392265192914e-02
5.337361530715003383e-02
4.193360512521839001e-02
1.963190184049079870e-02
3.816371681415928890e-02
5.609418282548475632e-02
4.193360512521839001e-02
5.609418282548475632e-02
4.193360512521839001e-02
2.274204028589993723e-02
1.889559965487488113e-01
3.641758834637172371e-02
7.685738684884714511e-02
2.624309392265192914e-02
1.515434985968194467e-02
3.165829145728642907e-02
2.274204028589993723e-02
6.539196940726577090e-02
1.867094960851234733e-02
3.317048084340448039e-02
3.165829145728642907e-02
8.611111111111109662e-02
9.706774519716886152e-02
3.165829145728642907e-02
3.816371681415928890e-02
5.899177690382553796e-02
2.883229216722729346e-02
7.685738684884714511e-02
3.165829145728642907e-02
2.502818489289740378e-02
2.502818489289740378e-02
8.129720124389161473e-02
3.165829145728642907e-02
6.990834239552587426e-03
1.137931034482758674e-02
3.021370670596904701e-02
3.317048084340448039e-02
5.337361530715003383e-02
4.397247980855518296e-02
5.081433224755700639e-02
2.750999294615565430e-02
1.003009027081243690e-02
3.317048084340448039e-02
7.274969173859430205e-02
4.000000000000000777e-02
1.515434985968194467e-02
1.434878587196468207e-02
8.129720124389161473e-02
3.165829145728642907e-02
2.062929777036882906e-02
3.165829145728642907e-02
6.893819334389858500e-02
2.905660377358489921e-01
1.685066821615339994e-02
4.193360512521839001e-02
2.750999294615565430e-02
4.612546125461255281e-02
2.624309392265192914e-02
3.641758834637172371e-02
3.165829145728642907e-02
5.609418282548475632e-02
1.356974850732766552e-02
4.000000000000000777e-02
2.883229216722729346e-02
1.434878587196468207e-02
3.475513428120063225e-02
5.337361530715003383e-02
4.193360512521839001e-02
2.166525063721325139e-02
1.515434985968194467e-02
1.069427940926837538e-02
3.641758834637172371e-02
1.208617971623751966e-02
6.893819334389858500e-02
7.274969173859430205e-02
3.816371681415928890e-02
4.193360512521839001e-02
3.165829145728642907e-02
2.274204028589993723e-02
3.317048084340448039e-02
1.356974850732766552e-02
2.624309392265192914e-02
2.750999294615565430e-02
1.598781880472021494e-02
1.102449888641425513e-01
8.153477218225419626e-03
7.274969173859430205e-02
5.609418282548475632e-02
1.889559965487488113e-01
1.685066821615339994e-02
4.840240430243593350e-02
2.274204028589993723e-02
3.475513428120063225e-02
2.062929777036882906e-02
2.386212991604065234e-02
2.386212991604065234e-02
3.317048084340448039e-02
3.475513428120063225e-02
1.515434985968194467e-02
2.624309392265192914e-02
6.208425720620841526e-02
3.475513428120063225e-02
6.893819334389858500e-02
4.000000000000000777e-02
4.000000000000000777e-02
1.515434985968194467e-02
1.774447949526814297e-02
1.466480446927374282e-01
4.397247980855518296e-02
5.899177690382553796e-02
3.641758834637172371e-02
1.466480446927374282e-01
2.750999294615565430e-02
5.337361530715003383e-02
1.281594873620505240e-02
7.685738684884714511e-02
1.137931034482758674e-02
4.000000000000000777e-02
1.685066821615339994e-02
2.883229216722729346e-02
1.263940520446096283e-01
2.062929777036882906e-02
8.611111111111109662e-02
4.193360512521839001e-02
2.502818489289740378e-02
3.641758834637172371e-02
6.539196940726577090e-02
5.609418282548475632e-02
5.609418282548475632e-02
1.263940520446096283e-01
4.193360512521839001e-02
9.134847752537456067e-02
1.359159553512803431e-01
1.003009027081243690e-02
5.609418282548475632e-02
1.069427940926837538e-02
2.274204028589993723e-02
3.021370670596904701e-02
2.274204028589993723e-02
4.612546125461255281e-02
2.624309392265192914e-02
1.515434985968194467e-02
2.302968270214942881e-01
5.337361530715003383e-02
3.866231647634578716e-01
5.337361530715003383e-02
9.385806026675448319e-03
1.685066821615339994e-02
2.624309392265192914e-02
6.539196940726577090e-02
7.685738684884714511e-02
3.641758834637172371e-02
1.867094960851234733e-02
5.899177690382553796e-02
4.612546125461255281e-02
8.129720124389161473e-02
4.193360512521839001e-02
2.062929777036882906e-02
1.434878587196468207e-02
3.021370670596904701e-02
1.889559965487488113e-01
5.337361530715003383e-02
3.816371681415928890e-02
4.397247980855518296e-02
3.475513428120063225e-02
1.069427940926837538e-02
2.624309392265192914e-02
1.263940520446096283e-01
2.624309392265192914e-02
5.337361530715003383e-02
9.134847752537456067e-02
1.685066821615339994e-02
1.263940520446096283e-01
3.816371681415928890e-02
5.899177690382553796e-02
1.003009027081243690e-02
4.000000000000000777e-02
4.000000000000000777e-02
5.899177690382553796e-02
2.750999294615565430e-02
3.641758834637172371e-02
1.208617971623751966e-02
4.000000000000000777e-02
4.840240430243593350e-02
3.475513428120063225e-02
3.816371681415928890e-02
2.502818489289740378e-02
2.386212991604065234e-02
5.337361530715003383e-02
2.502818489289740378e-02
4.397247980855518296e-02
3.475513428120063225e-02
7.563819728963127112e-03
3.021370670596904701e-02
5.609418282548475632e-02
1.069427940926837538e-02
3.317048084340448039e-02
4.612546125461255281e-02
5.081433224755700639e-02
9.134847752537456067e-02
2.166525063721325139e-02
6.208425720620841526e-02
8.129720124389161473e-02
1.102449888641425513e-01
3.475513428120063225e-02
4.840240430243593350e-02
4.193360512521839001e-02
1.434878587196468207e-02
3.165829145728642907e-02
1.598781880472021494e-02
4.840240430243593350e-02
2.502818489289740378e-02
2.274204028589993723e-02
1.356974850732766552e-02
1.588366890380313035e-01
4.193360512521839001e-02
3.816371681415928890e-02
2.883229216722729346e-02
2.166525063721325139e-02
4.000000000000000777e-02
3.165829145728642907e-02
3.475513428120063225e-02
2.750999294615565430e-02
1.685066821615339994e-02
4.397247980855518296e-02
4.840240430243593350e-02
4.193360512521839001e-02
2.624309392265192914e-02
1.033386327503974522e-01
1.867094960851234733e-02
2.062929777036882906e-02
2.062929777036882906e-02
3.475513428120063225e-02
2.624309392265192914e-02
3.816371681415928890e-02
4.612546125461255281e-02
1.774447949526814297e-02
4.397247980855518296e-02
2.750999294615565430e-02
3.475513428120063225e-02
8.129720124389161473e-02
9.134847752537456067e-02
3.021370670596904701e-02
7.685738684884714511e-02
3.816371681415928890e-02
2.274204028589993723e-02
5.609418282548475632e-02
1.588366890380313035e-01
1.867094960851234733e-02
3.641758834637172371e-02
5.609418282548475632e-02
1.102449888641425513e-01
3.475513428120063225e-02
1.178885630498534148e-01
4.193360512521839001e-02
3.641758834637172371e-02
1.281594873620505240e-02
5.081433224755700639e-02
1.867094960851234733e-02
5.337361530715003383e-02
5.899177690382553796e-02
1.867094960851234733e-02
5.337361530715003383e-02
1.963190184049079870e-02
1.963190184049079870e-02
2.502818489289740378e-02
2.624309392265192914e-02
2.750999294615565430e-02
1.728000000000000091e-01
4.840240430243593350e-02
4.397247980855518296e-02
2.502818489289740378e-02
8.611111111111109662e-02
3.165829145728642907e-02
6.208425720620841526e-02
5.337361530715003383e-02
1.003009027081243690e-02
1.466480446927374282e-01
3.816371681415928890e-02
2.624309392265192914e-02
3.165829145728642907e-02
1.178885630498534148e-01
3.165829145728642907e-02
7.274969173859430205e-02
4.193360512521839001e-02
4.397247980855518296e-02
3.641758834637172371e-02
1.515434985968194467e-02
4.000000000000000777e-02
1.178885630498534148e-01
3.165829145728642907e-02
2.624309392265192914e-02
3.816371681415928890e-02
2.062929777036882906e-02
7.563819728963127112e-03
2.750999294615565430e-02
6.208425720620841526e-02
3.816371681415928890e-02
1.963190184049079870e-02
2.573363431151240444e-01
2.624309392265192914e-02
5.337361530715003383e-02
2.502818489289740378e-02
5.899177690382553796e-02
4.000000000000000777e-02
1.178885630498534148e-01
6.893819334389858500e-02
3.317048084340448039e-02
1.208617971623751966e-02
1.359159553512803431e-01
5.899177690382553796e-02
8.760545100584035683e-03
2.166525063721325139e-02
9.134847752537456067e-02
2.274204028589993723e-02
1.774447949526814297e-02
1.963190184049079870e-02
1.434878587196468207e-02
5.081433224755700639e-02
3.816371681415928890e-02
3.317048084340448039e-02
2.166525063721325139e-02
2.883229216722729346e-02
4.000000000000000777e-02
2.166525063721325139e-02
1.774447949526814297e-02
1.774447949526814297e-02
6.990834239552587426e-03
4.612546125461255281e-02
6.893819334389858500e-02
2.274204028589993723e-02
2.750999294615565430e-02
7.274969173859430205e-02
4.612546125461255281e-02
4.193360512521839001e-02
3.641758834637172371e-02
3.641758834637172371e-02
2.274204028589993723e-02
2.883229216722729346e-02
1.003009027081243690e-02
2.502818489289740378e-02
1.774447949526814297e-02
4.000000000000000777e-02
6.539196940726577090e-02
2.502818489289740378e-02
1.598781880472021494e-02
1.963190184049079870e-02
2.624309392265192914e-02
4.000000000000000777e-02
2.502818489289740378e-02
8.611111111111109662e-02
4.000000000000000777e-02
2.062929777036882906e-02
1.598781880472021494e-02
1.208617971623751966e-02
7.563819728963127112e-03
3.021370670596904701e-02
2.502818489289740378e-02
8.129720124389161473e-02
2.386212991604065234e-02
1.359159553512803431e-01
1.774447949526814297e-02
3.317048084340448039e-02
2.502818489289740378e-02
1.963190184049079870e-02
3.165829145728642907e-02
1.598781880472021494e-02
3.165829145728642907e-02
9.385806026675448319e-03
1.588366890380313035e-01
3.165829145728642907e-02
1.069427940926837538e-02
2.750999294615565430e-02
3.641758834637172371e-02
1.963190184049079870e-02
1.208617971623751966e-02
4.193360512521839001e-02
7.274969173859430205e-02
3.021370670596904701e-02
7.685738684884714511e-02
2.750999294615565430e-02
6.208425720620841526e-02
7.274969173859430205e-02
2.166525063721325139e-02
6.539196940726577090e-02
1.208617971623751966e-02
3.165829145728642907e-02
3.816371681415928890e-02
1.598781880472021494e-02
1.685066821615339994e-02
2.624309392265192914e-02
4.000000000000000777e-02
3.021370670596904701e-02
6.208425720620841526e-02
3.816371681415928890e-02
7.685738684884714511e-02
2.624309392265192914e-02
2.624309392265192914e-02
9.134847752537456067e-02
6.208425720620841526e-02
2.502818489289740378e-02
5.337361530715003383e-02
8.611111111111109662e-02
2.502818489289740378e-02
3.475513428120063225e-02
4.193360512521839001e-02
2.883229216722729346e-02
3.641758834637172371e-02
3.475513428120063225e-02
1.069427940926837538e-02
3.165829145728642907e-02
7.274969173859430205e-02
1.889559965487488113e-01
1.033386327503974522e-01
1.867094960851234733e-02
4.193360512521839001e-02
2.386212991604065234e-02
1.178885630498534148e-01
8.611111111111109662e-02
6.539196940726577090e-02
6.208425720620841526e-02
4.612546125461255281e-02
4.612546125461255281e-02
3.165829145728642907e-02
2.883229216722729346e-02
1.515434985968194467e-02
4.193360512521839001e-02
4.840240430243593350e-02
1.515434985968194467e-02
2.883229216722729346e-02
7.563819728963127112e-03
4.193360512521839001e-02
8.760545100584035683e-03
1.963190184049079870e-02
1.774447949526814297e-02
1.963190184049079870e-02
3.816371681415928890e-02
2.274204028589993723e-02
2.502818489289740378e-02
4.612546125461255281e-02
1.963190184049079870e-02
4.193360512521839001e-02
1.867094960851234733e-02
3.021370670596904701e-02
3.021370670596904701e-02
4.000000000000000777e-02
2.062929777036882906e-02
1.356974850732766552e-02
5.081433224755700639e-02
8.129720124389161473e-02
1.598781880472021494e-02
5.081433224755700639e-02
8.153477218225419626e-03
6.208425720620841526e-02
9.385806026675448319e-03
1.263940520446096283e-01
1.263940520446096283e-01
6.208425720620841526e-02
1.685066821615339994e-02
1.356974850732766552e-02
2.502818489289740378e-02
1.685066821615339994e-02
1.434878587196468207e-02
1.774447949526814297e-02
3.641758834637172371e-02
5.081433224755700639e-02
7.274969173859430205e-02
1.178885630498534148e-01
1.774447949526814297e-02
1.102449888641425513e-01
1.515434985968194467e-02
9.385806026675448319e-03
1.867094960851234733e-02
1.867094960851234733e-02
1.003009027081243690e-02
2.624309392265192914e-02
1.598781880472021494e-02
1.434878587196468207e-02
2.166525063721325139e-02
1.867094960851234733e-02
2.062929777036882906e-02
3.165829145728642907e-02
4.612546125461255281e-02
9.706774519716886152e-02
1.598781880472021494e-02
1.434878587196468207e-02
1.208617971623751966e-02
2.750999294615565430e-02
1.963190184049079870e-02
1.867094960851234733e-02
4.612546125461255281e-02
5.609418282548475632e-02
8.611111111111109662e-02
1.685066821615339994e-02
2.502818489289740378e-02
2.166525063721325139e-02
5.081433224755700639e-02
9.134847752537456067e-02
3.641758834637172371e-02
1.963190184049079870e-02
4.193360512521839001e-02
3.317048084340448039e-02
4.840240430243593350e-02
4.397247980855518296e-02
1.356974850732766552e-02
2.883229216722729346e-02
2.750999294615565430e-02
4.840240430243593350e-02
3.816371681415928890e-02
9.134847752537456067e-02
2.502818489289740378e-02
1.434878587196468207e-02
4.612546125461255281e-02
1.963190184049079870e-02
3.475513428120063225e-02
2.062929777036882906e-02
4.000000000000000777e-02
4.193360512521839001e-02
6.539196940726577090e-02
1.685066821615339994e-02
2.386212991604065234e-02
1.685066821615339994e-02
4.840240430243593350e-02
1.263940520446096283e-01
1.069427940926837538e-02
4.397247980855518296e-02
1.515434985968194467e-02
2.274204028589993723e-02
3.021370670596904701e-02
2.502818489289740378e-02
1.515434985968194467e-02
4.397247980855518296e-02
2.386212991604065234e-02
8.611111111111109662e-02
3.641758834637172371e-02
3.021370670596904701e-02
8.129720124389161473e-02
3.317048084340448039e-02
2.883229216722729346e-02
1.963190184049079870e-02
1.598781880472021494e-02
9.385806026675448319e-03
1.208617971623751966e-02
2.883229216722729346e-02
3.641758834637172371e-02
3.475513428120063225e-02
4.397247980855518296e-02
1.867094960851234733e-02
2.883229216722729346e-02
9.385806026675448319e-03
6.893819334389858500e-02
5.899177690382553796e-02
5.081433224755700639e-02
2.166525063721325139e-02
5.337361530715003383e-02
2.062929777036882906e-02
2.883229216722729346e-02
2.166525063721325139e-02
2.386212991604065234e-02
1.208617971623751966e-02
1.685066821615339994e-02
1.728000000000000091e-01
1.774447949526814297e-02
4.840240430243593350e-02
5.899177690382553796e-02
1.434878587196468207e-02
9.385806026675448319e-03
1.434878587196468207e-02
2.750999294615565430e-02
2.883229216722729346e-02
2.386212991604065234e-02
2.386212991604065234e-02
1.434878587196468207e-02
1.281594873620505240e-02
2.274204028589993723e-02
2.386212991604065234e-02
5.609418282548475632e-02
1.963190184049079870e-02
2.274204028589993723e-02
2.624309392265192914e-02
1.598781880472021494e-02
1.867094960851234733e-02
8.129720124389161473e-02
2.166525063721325139e-02
9.385806026675448319e-03
8.153477218225419626e-03
9.134847752537456067e-02
2.624309392265192914e-02
1.208617971623751966e-02
1.867094960851234733e-02
2.062929777036882906e-02
9.385806026675448319e-03
1.263940520446096283e-01
1.003009027081243690e-02
1.003009027081243690e-02
5.337361530715003383e-02
6.893819334389858500e-02
4.193360512521839001e-02
1.774447949526814297e-02
8.760545100584035683e-03
1.685066821615339994e-02
1.208617971623751966e-02
6.893819334389858500e-02
2.166525063721325139e-02
1.263940520446096283e-01
7.274969173859430205e-02
8.153477218225419626e-03
8.153477218225419626e-03
1.356974850732766552e-02
2.062929777036882906e-02
6.893819334389858500e-02
2.386212991604065234e-02
2.502818489289740378e-02
2.624309392265192914e-02
2.078651685393257120e-01
2.274204028589993723e-02
1.515434985968194467e-02
7.685738684884714511e-02
1.598781880472021494e-02
4.397247980855518296e-02
1.102449888641425513e-01
3.816371681415928890e-02
1.069427940926837538e-02
3.475513428120063225e-02
8.760545100584035683e-03
2.750999294615565430e-02
8.760545100584035683e-03
4.840240430243593350e-02
2.883229216722729346e-02
2.386212991604065234e-02
5.081433224755700639e-02
4.193360512521839001e-02
3.021370670596904701e-02
2.274204028589993723e-02
5.609418282548475632e-02
1.281594873620505240e-02
8.760545100584035683e-03
2.274204028589993723e-02
6.990834239552587426e-03
3.475513428120063225e-02
5.081433224755700639e-02
2.750999294615565430e-02
3.021370670596904701e-02
4.397247980855518296e-02
2.062929777036882906e-02
9.706774519716886152e-02
8.760545100584035683e-03
9.385806026675448319e-03
8.153477218225419626e-03
1.774447949526814297e-02
2.166525063721325139e-02
9.385806026675448319e-03
1.356974850732766552e-02
4.193360512521839001e-02
7.563819728963127112e-03
2.502818489289740378e-02
2.750999294615565430e-02
1.598781880472021494e-02
2.750999294615565430e-02
4.612546125461255281e-02
1.434878587196468207e-02
2.750999294615565430e-02
8.129720124389161473e-02
7.274969173859430205e-02
2.166525063721325139e-02
3.317048084340448039e-02
7.274969173859430205e-02
3.317048084340448039e-02
1.867094960851234733e-02
8.760545100584035683e-03
1.685066821615339994e-02
1.434878587196468207e-02
1.598781880472021494e-02
4.397247980855518296e-02
5.609418282548475632e-02
1.685066821615339994e-02
2.062929777036882906e-02
2.883229216722729346e-02
1.178885630498534148e-01
1.356974850732766552e-02
1.685066821615339994e-02
2.386212991604065234e-02
1.588366890380313035e-01
3.317048084340448039e-02
2.624309392265192914e-02
9.134847752537456067e-02
3.317048084340448039e-02
1.434878587196468207e-02
7.563819728963127112e-03
7.563819728963127112e-03
2.386212991604065234e-02
3.475513428120063225e-02
4.000000000000000777e-02
2.386212991604065234e-02
4.612546125461255281e-02
1.003009027081243690e-02
2.166525063721325139e-02
1.069427940926837538e-02
3.165829145728642907e-02
2.274204028589993723e-02
1.434878587196468207e-02
1.434878587196468207e-02
2.502818489289740378e-02
2.750999294615565430e-02
1.774447949526814297e-02
2.750999294615565430e-02
1.867094960851234733e-02
1.137931034482758674e-02
3.641758834637172371e-02
8.153477218225419626e-03
2.502818489289740378e-02
1.208617971623751966e-02
4.612546125461255281e-02
3.641758834637172371e-02
1.774447949526814297e-02
1.263940520446096283e-01
1.356974850732766552e-02
3.816371681415928890e-02
2.166525063721325139e-02
3.021370670596904701e-02
2.624309392265192914e-02
9.706774519716886152e-02
1.434878587196468207e-02
1.515434985968194467e-02
5.337361530715003383e-02
2.883229216722729346e-02
8.129720124389161473e-02
2.062929777036882906e-02
2.750999294615565430e-02
6.539196940726577090e-02
1.137931034482758674e-02
7.274969173859430205e-02
1.434878587196468207e-02
1.963190184049079870e-02
2.062929777036882906e-02
1.003009027081243690e-02
2.750999294615565430e-02
4.612546125461255281e-02
1.003009027081243690e-02
2.274204028589993723e-02
3.021370670596904701e-02
1.685066821615339994e-02
1.685066821615339994e-02
1.867094960851234733e-02
2.078651685393257120e-01
1.356974850732766552e-02
2.062929777036882906e-02
7.563819728963127112e-03
2.274204028589993723e-02
1.685066821615339994e-02
8.129720124389161473e-02
3.641758834637172371e-02
7.563819728963127112e-03
2.062929777036882906e-02
2.166525063721325139e-02
6.539196940726577090e-02
3.475513428120063225e-02
1.033386327503974522e-01
2.386212991604065234e-02
1.685066821615339994e-02
2.624309392265192914e-02
7.563819728963127112e-03
3.475513428120063225e-02
3.317048084340448039e-02
2.502818489289740378e-02
3.317048084340448039e-02
8.611111111111109662e-02
6.433823529411765267e-03
4.397247980855518296e-02
2.905660377358489921e-01
6.208425720620841526e-02
2.386212991604065234e-02
2.750999294615565430e-02
4.612546125461255281e-02
5.609418282548475632e-02
3.816371681415928890e-02
1.003009027081243690e-02
8.129720124389161473e-02
2.624309392265192914e-02
4.193360512521839001e-02
4.840240430243593350e-02
1.685066821615339994e-02
2.062929777036882906e-02
3.816371681415928890e-02
8.760545100584035683e-03
1.588366890380313035e-01
4.193360512521839001e-02
5.081433224755700639e-02
6.208425720620841526e-02
1.178885630498534148e-01
1.685066821615339994e-02
5.337361530715003383e-02
2.166525063721325139e-02
1.434878587196468207e-02
2.274204028589993723e-02
2.750999294615565430e-02
1.102449888641425513e-01
7.274969173859430205e-02
4.193360512521839001e-02
6.208425720620841526e-02
2.883229216722729346e-02
8.760545100584035683e-03
2.078651685393257120e-01
7.274969173859430205e-02
5.609418282548475632e-02
2.573363431151240444e-01
2.274204028589993723e-02
6.433823529411765267e-03
5.337361530715003383e-02
2.166525063721325139e-02
2.624309392265192914e-02
3.165829145728642907e-02
7.685738684884714511e-02
2.274204028589993723e-02
6.893819334389858500e-02
1.434878587196468207e-02
1.208617971623751966e-02
4.193360512521839001e-02
5.081433224755700639e-02
1.598781880472021494e-02
5.892128720350506624e-03
4.397247980855518296e-02
3.816371681415928890e-02
2.062929777036882906e-02
3.641758834637172371e-02
4.397247980855518296e-02
1.102449888641425513e-01
2.274204028589993723e-02
1.359159553512803431e-01
4.193360512521839001e-02
1.598781880472021494e-02
1.434878587196468207e-02
5.609418282548475632e-02
5.899177690382553796e-02
4.612546125461255281e-02
1.263940520446096283e-01
4.193360512521839001e-02
1.963190184049079870e-02
2.166525063721325139e-02
1.728000000000000091e-01
7.685738684884714511e-02
3.641758834637172371e-02
3.317048084340448039e-02
5.337361530715003383e-02
1.003009027081243690e-02
2.883229216722729346e-02
1.466480446927374282e-01
1.281594873620505240e-02
3.165829145728642907e-02
8.611111111111109662e-02
1.963190184049079870e-02
7.685738684884714511e-02
1.963190184049079870e-02
4.193360512521839001e-02
7.685738684884714511e-02
8.129720124389161473e-02
3.165829145728642907e-02
4.000000000000000777e-02
6.208425720620841526e-02
5.081433224755700639e-02
1.728000000000000091e-01
2.883229216722729346e-02
1.889559965487488113e-01
4.193360512521839001e-02
1.434878587196468207e-02
4.193360512521839001e-02
8.153477218225419626e-03
3.475513428120063225e-02
5.081433224755700639e-02
7.274969173859430205e-02
3.475513428120063225e-02
5.899177690382553796e-02
2.624309392265192914e-02
4.193360512521839001e-02
5.337361530715003383e-02
4.840240430243593350e-02
5.081433224755700639e-02
2.166525063721325139e-02
2.274204028589993723e-02
7.685738684884714511e-02
1.515434985968194467e-02
1.281594873620505240e-02
1.208617971623751966e-02
3.317048084340448039e-02
4.397247980855518296e-02
1.515434985968194467e-02
8.760545100584035683e-03
9.706774519716886152e-02
1.867094960851234733e-02
3.021370670596904701e-02
5.609418282548475632e-02
8.611111111111109662e-02
8.611111111111109662e-02
5.081433224755700639e-02
4.840240430243593350e-02
1.356974850732766552e-02
1.178885630498534148e-01
1.963190184049079870e-02
4.397247980855518296e-02
1.359159553512803431e-01
3.641758834637172371e-02
6.893819334389858500e-02
7.685738684884714511e-02
1.178885630498534148e-01
3.021370670596904701e-02
2.274204028589993723e-02
2.078651685393257120e-01
8.129720124389161473e-02
3.165829145728642907e-02
2.166525063721325139e-02
4.840240430243593350e-02
1.685066821615339994e-02
5.081433224755700639e-02
2.750999294615565430e-02
4.397247980855518296e-02
6.893819334389858500e-02
1.515434985968194467e-02
2.274204028589993723e-02
7.274969173859430205e-02
1.208617971623751966e-02
3.021370670596904701e-02
1.867094960851234733e-02
2.624309392265192914e-02
4.612546125461255281e-02
1.033386327503974522e-01
5.081433224755700639e-02
6.539196940726577090e-02
4.840240430243593350e-02
9.706774519716886152e-02
6.539196940726577090e-02
2.062929777036882906e-02
5.081433224755700639e-02
3.317048084340448039e-02
1.963190184049079870e-02
1.263940520446096283e-01
2.624309392265192914e-02
1.685066821615339994e-02
5.899177690382553796e-02
4.612546125461255281e-02
4.612546125461255281e-02
1.598781880472021494e-02
3.165829145728642907e-02
1.434878587196468207e-02
4.612546125461255281e-02
2.166525063721325139e-02
4.000000000000000777e-02
3.816371681415928890e-02
4.840240430243593350e-02
5.337361530715003383e-02
2.905660377358489921e-01
3.475513428120063225e-02
1.102449888641425513e-01
3.317048084340448039e-02
1.359159553512803431e-01
3.641758834637172371e-02
6.893819334389858500e-02
1.588366890380313035e-01
8.611111111111109662e-02
1.359159553512803431e-01
3.317048084340448039e-02
4.397247980855518296e-02
4.193360512521839001e-02
1.359159553512803431e-01
1.588366890380313035e-01
3.323863636363636465e-01
1.102449888641425513e-01
1.359159553512803431e-01
3.317048084340448039e-02
3.816371681415928890e-02
1.102449888641425513e-01
2.905660377358489921e-01
9.706774519716886152e-02
